%VARIABLES: MACH,ALTITUDE,SIDESLIP,DEL1,DEL2,DEL3,DEL4
%           ROWS, TOTAL COLUMNS, COLUMNS OF DERIVATIVES
%DATA:      ALPHA,CN,CM,CA,CY,CLN,CLL,CNQ,CMQ,CAQ,CYR,CLNR,CLLR,CYP,CLNP,CLLP
%    0.40       0.0    0.00       0.0     0.0     0.0     0.0
%    19.0    16.0     9.0
M0_4Base=[
-0.30E+02  -0.1924E+01   0.3060E+00  -0.8683E-02   0.1136E-06  -0.1534E-07   0.5320E-08   0.6170E+00  -0.1799E+01   0.2588E-03   0.3735E+00  -0.3124E+00  -0.1549E+00   0.3400E+00  -0.1940E+00   0.2807E+00
-0.25E+02  -0.2072E+01   0.4131E+00   0.1165E-01   0.1353E-06  -0.1541E-07   0.5320E-08   0.2982E+01  -0.6839E+01  -0.4346E-02   0.8562E+00  -0.6867E+00   0.1076E-01   0.3948E-01   0.2367E-01   0.1381E+00
-0.20E+02  -0.1950E+01   0.4072E+00   0.2347E-01   0.1256E-06  -0.7868E-08  -0.5320E-08   0.4370E+01  -0.9555E+01  -0.1535E+00   0.1270E+01  -0.1008E+01   0.1533E+00  -0.1981E+00   0.1394E+00  -0.1027E+00
-0.15E+02  -0.1636E+01   0.3410E+00   0.2481E-01   0.1281E-06  -0.2290E-07   0.0000E+00   0.6043E+01  -0.1275E+02  -0.2200E+00   0.1874E+01  -0.1475E+01   0.3609E+00  -0.3547E+00   0.1601E+00  -0.3931E+00
-0.10E+02  -0.1108E+01   0.2203E+00   0.2343E-01   0.8460E-07  -0.1151E-07   0.0000E+00   0.6364E+01  -0.1313E+02   0.3246E+00   0.2150E+01  -0.1690E+01   0.4566E+00  -0.2859E+00   0.2834E-01  -0.5638E+00
-0.50E+01  -0.5402E+00   0.1039E+00   0.3062E-01   0.2651E-07   0.5557E-08  -0.5320E-08   0.6272E+01  -0.1293E+02   0.1013E+00   0.2140E+01  -0.1681E+01   0.4533E+00  -0.2917E+00   0.3193E-01  -0.5993E+00
 0.00E+00   0.0000E+00   0.0000E+00   0.3273E-01   0.0000E+00   0.0000E+00   0.0000E+00   0.6249E+01  -0.1291E+02  -0.1050E+00   0.2108E+01  -0.1657E+01   0.4427E+00  -0.3055E+00   0.4733E-01  -0.6357E+00
 0.50E+01   0.5349E+00  -0.9623E-01   0.3080E-01  -0.2894E-07  -0.3673E-08   0.3990E-08   0.6321E+01  -0.1304E+02  -0.3103E+00   0.2138E+01  -0.1681E+01   0.4529E+00  -0.3069E+00   0.4369E-01  -0.6049E+00
 0.10E+02   0.1085E+01  -0.1860E+00   0.2496E-01  -0.9193E-07   0.2279E-07  -0.5320E-08   0.6303E+01  -0.1300E+02  -0.2862E-01   0.2154E+01  -0.1693E+01   0.4580E+00  -0.3168E+00   0.5240E-01  -0.5751E+00
 0.15E+02   0.1590E+01  -0.2635E+00   0.2034E-01  -0.1452E-06   0.3796E-07  -0.2660E-07   0.5515E+01  -0.1160E+02   0.3983E+00   0.2126E+01  -0.1671E+01   0.4478E+00  -0.4341E+00   0.2185E+00  -0.4293E+00
 0.20E+02   0.1908E+01  -0.3216E+00   0.2053E-01  -0.1159E-06   0.3305E-09   0.2660E-08   0.4358E+01  -0.9508E+01   0.1472E+00   0.1802E+01  -0.1420E+01   0.3358E+00  -0.4172E+00   0.3030E+00  -0.1951E+00
 0.25E+02   0.2055E+01  -0.3505E+00   0.1146E-01  -0.1353E-06   0.1541E-07  -0.5320E-08   0.3335E+01  -0.7543E+01   0.1054E-01   0.1471E+01  -0.1163E+01   0.2216E+00  -0.2791E+00   0.2543E+00  -0.1275E-01
 0.30E+02   0.1976E+01  -0.3531E+00  -0.8707E-02  -0.1039E-06   0.7806E-08   0.5320E-08   0.2734E+01  -0.6479E+01   0.2290E-02   0.1164E+01  -0.9253E+00   0.1160E+00  -0.6697E-01   0.1393E+00   0.1796E+00
 0.35E+02   0.2020E+01  -0.3530E+00   0.2501E-01  -0.1039E-06   0.1532E-07   0.0000E+00   0.1330E+01  -0.3019E+01  -0.3488E-02   0.9757E+00  -0.7792E+00   0.5203E-01  -0.7100E-01   0.5743E-01  -0.1972E-01
 0.40E+02   0.2171E+01  -0.3200E+00   0.2295E-01  -0.1137E-06   0.2285E-07   0.5320E-08   0.7636E+00  -0.1690E+01   0.0000E+00   0.2633E+00  -0.2266E+00  -0.1922E+00   0.1903E+00  -0.1638E+00   0.3032E-01
 0.45E+02   0.2312E+01  -0.2299E+00   0.2089E-01  -0.1136E-06   0.1534E-07   0.0000E+00   0.2331E+01  -0.5090E+01   0.0000E+00   0.6974E+00  -0.5634E+00  -0.4329E-01   0.1579E-01  -0.2828E-01  -0.3196E-01
 0.50E+02   0.2511E+01  -0.2278E+00   0.1883E-01  -0.1208E-06   0.1536E-07   0.0000E+00   0.2862E+01  -0.6194E+01   0.0000E+00   0.9045E+00  -0.7239E+00   0.2782E-01  -0.5188E-01   0.1806E-01  -0.6993E-01
 0.55E+02   0.2715E+01  -0.2579E+00   0.1684E-01  -0.1160E-06   0.7841E-08   0.1064E-07   0.3079E+01  -0.6701E+01   0.0000E+00   0.1067E+01  -0.8504E+00   0.8369E-01  -0.8254E-01   0.4912E-01  -0.6350E-01
 0.60E+02   0.2916E+01  -0.3085E+00   0.1497E-01  -0.1256E-06   0.7868E-08   0.5320E-08   0.3129E+01  -0.6803E+01   0.0000E+00   0.1108E+01  -0.8814E+00   0.9742E-01  -0.8153E-01   0.4942E-01  -0.6023E-01
];

%    2.00       0.0    0.00       0.0     0.0     0.0     0.0
%    19.0    16.0     9.0
